# -*- coding: utf-8 -*-
"""
@author: going viral
"""
from scipy.stats import mannwhitneyu
from scipy.stats import ttest_ind
import matplotlib.pyplot as plt

######################################################################################
################## READ THIS FIRST ###################################################
######################################################################################
# Any statement that starts with a number sign is not read by Python, but it has information for you.
# for data, add the data that you later want to compare, e.g. percent of disorder for different proteins etc.
# First, replace the data for the group's Jalview conservation score for each protein. 
# Make sure that it is formatted the same way as the example data.
# Second, specify the names of your proteins.
# Third, run the program!
# Four, got to your working directory. The script produces two pngs: One png shows just the data as boxplot. 
# The other png shows tiny boxes and brackets connecting the different boxes.
# If two boxes are signficantly different according to a Mann-Whitney U test, the bracket will have a *. 
# If two boxes are NOT signficantly different according to a Mann-Whitney U test, the bracket will have a n.s. for
# not significant. 
#
###############################################################################
# Replace the example with your data in a similar format but with your protein names and 
# their Jalview conservation scores here. Make sure to mimic the names but replace the 
# protein names with your proteins' name. There should be one line of conservation scores
# for each protein family.

Conservation_NSP1 = 0.0, 0.0, 0.0, 0.0, 0.0, 0.0, 6.0, 7.0, 7.0, 8.0, 6.0, 4.0, 4.0, 9.0, 4.0, 3.0, 6.0, 1.0, 0.0, 0.0, 0.0, 0.0, 0.0, 0.0, 0.0, 0.0, 0.0, 0.0, 0.0, 0.0, 0.0, 0.0, 0.0, 0.0, 1.0, 3.0, 11.0, 5.0, 0.0, 0.0, 0.0, 0.0, 0.0, 0.0, 2.0, 2.0, 2.0, 3.0, 2.0, 0.0, 0.0, 0.0, 3.0, 2.0, 3.0, 2.0, 0.0, 0.0, 0.0, 0.0, 1.0, 0.0, 0.0, 0.0, 1.0, 1.0, 1.0, 11.0, 4.0, 3.0, 2.0, 4.0, 4.0, 6.0, 5.0, 7.0, 5.0, 4.0, 3.0, 4.0, 4.0, 6.0, 4.0, 5.0, 7.0, 5.0, 2.0, 1.0, 5.0, 4.0, 3.0, 0.0, 0.0, 0.0, 7.0, 0.0, 0.0, 0.0, 0.0, 0.0, 0.0, 0.0, 3.0, 2.0, 2.0, 0.0, 1.0, 1.0, 0.0, 0.0, 0.0, 0.0, 0.0, 0.0, 0.0, 5.0, 1.0, 2.0, 2.0, 1.0, 1.0, 0.0, 3.0, 7.0, 2.0, 4.0, 11.0, 7.0, 6.0, 4.0, 4.0, 5.0, 4.0, 0.0, 0.0, 0.0, 0.0, 2.0, 4.0, 4.0, 5.0, 2.0, 3.0, 2.0, 3.0, 0.0, 0.0, 1.0, 0.0, 0.0, 0.0, 0.0, 0.0, 0.0, 0.0, 0.0, 0.0, 0.0, 0.0, 0.0, 0.0, 0.0, 0.0, 0.0, 0.0, 0.0, 0.0, 11.0, 2.0, 4.0, 7.0, 3.0, 3.0, 3.0, 4.0, 0.0, 0.0, 0.0, 0.0, 0.0, 0.0, 0.0, 0.0, 0.0, 0.0, 3.0, 5.0, 7.0, 6.0, 8.0, 2.0, 5.0, 4.0, 4.0, 0.0, 0.0, 0.0, 0.0, 0.0, 0.0, 0.0, 0.0, 0.0, 0.0, 0.0, 0.0, 1.0, 2.0, 4.0, 2.0, 3.0, 4.0, 2.0, 8.0, 0.0, 0.0, 0.0, 0.0, 0.0, 0.0, 0.0, 1.0, 7.0, 2.0, 6.0, 6.0, 2.0, 2.0, 1.0, 0.0, 4.0, 1.0, 6.0, 1.0, 1.0, 0.0, 2.0, 1.0, 6.0, 3.0, 1.0, 0.0, 0.0, 0.0, 1.0, 0.0, 0.0, 0.0, 0.0, 0.0, 0.0, 3.0, 1.0, 3.0, 1.0, 1.0, 3.0, 0.0, 0.0, 0.0, 0.0, 11.0, 6.0, 4.0, 0.0, 3.0, 3.0, 7.0, 3.0, 4.0, 6.0, 0.0, 0.0, 6.0, 3.0, 2.0, 2.0, 2.0, 0.0, 0.0, 0.0, 0.0, 0.0, 0.0, 0.0, 0.0, 0.0, 4.0, 3.0, 3.0, 5.0, 3.0, 7.0, 2.0, 5.0, 3.0, 3.0, 8.0, 2.0, 8.0, 2.0, 5.0, 5.0, 3.0, 3.0, 0.0, 0.0, 0.0, 0.0, 0.0, 0.0, 0.0, 0.0, 0.0, 0.0, 0.0, 0.0, 1.0, 3.0, 4.0, 2.0, 0.0, 1.0, 5.0, 0.0, 0.0, 0.0, 3.0, 2.0, 6.0, 4.0, 2.0, 7.0, 0.0, 7.0, 3.0, 3.0, 2.0, 10.0, 2.0, 5.0, 5.0, 2.0, 5.0, 5.0, 5.0, 0.0, 0.0, 0.0, 0.0, 5.0, 4.0, 1.0, 2.0, 1.0, 2.0, 2.0, 2.0, 2.0, 0.0, 0.0, 0.0, 0.0, 0.0, 0.0, 0.0, 0.0, 0.0, 0.0, 6.0, 7.0, 6.0, 6.0, 3.0, 11.0, 2.0, 3.0, 3.0, 6.0, 7.0, 9.0, 7.0, 3.0, 9.0, 3.0, 3.0, 5.0, 11.0, 4.0, 9.0, 2.0, 4.0, 6.0, 7.0, 11.0, 11.0, 4.0, 1.0, 5.0, 2.0, 3.0, 4.0, 8.0, 7.0, 5.0, 11.0, 3.0, 5.0, 2.0, 8.0, 8.0, 3.0, 6.0, 3.0, 3.0, 11.0, 9.0, 11.0, 3.0, 6.0, 8.0, 3.0, 9.0, 5.0, 8.0, 3.0, 5.0, 3.0, 3.0, 0.0, 6.0, 4.0, 4.0, 2.0, 0.0, 3.0, 5.0, 6.0, 4.0, 3.0, 0.0, 11.0, 3.0, 1.0, 3.0, 1.0, 6.0, 4.0, 3.0, 3.0, 1.0, 2.0, 0.0, 0.0, 0.0, 7.0, 4.0, 6.0, 5.0, 4.0, 9.0, 4.0, 11.0, 4.0, 3.0, 7.0, 4.0, 8.0, 11.0, 7.0, 6.0, 8.0, 7.0, 8.0, 3.0, 7.0, 6.0, 5.0, 0.0, 4.0, 5.0, 1.0, 5.0, 3.0, 5.0, 8.0, 3.0, 11.0, 4.0, 4.0, 6.0, 5.0, 3.0, 3.0, 4.0, 9.0, 5.0, 3.0, 5.0, 11.0, 9.0, 3.0, 5.0, 7.0, 2.0, 7.0, 11.0, 2.0, 9.0, 3.0, 6.0, 3.0, 1.0, 3.0, 3.0, 3.0, 2.0, 4.0, 8.0, 3.0, 5.0, 4.0, 3.0, 4.0, 4.0, 0.0, 8.0, 4.0, 2.0, 5.0, 11.0, 11.0, 4.0, 7.0, 5.0, 3.0, 3.0, 5.0, 4.0, 7.0, 11.0, 4.0, 4.0, 3.0, 6.0, 5.0, 5.0, 2.0, 0.0, 0.0, 0.0, 1.0, 0.0, 0.0, 0.0, 0.0, 0.0, 0.0, 0.0, 1.0, 0.0, 0.0, 5.0, 4.0, 0.0, 0.0, 0.0, 0.0, 0.0, 0.0, 0.0, 0.0, 0.0, 0.0, 0.0, 0.0, 0.0, 0.0, 0.0, 0.0, 0.0, 0.0, 0.0, 0.0, 0.0, 0.0, 0.0, 0.0, 0.0, 2.0, 2.0, 2.0, 2.0, 3.0, 0.0, 0.0, 2.0, 2.0, 0.0, 0.0, 0.0, 0.0, 0.0, 0.0, 0.0, 0.0, 0.0, 0.0, 0.0, 0.0, 0.0, 0.0, 0.0, 0.0, 0.0, 0.0, 0.0, 0.0, 0.0, 0.0, 0.0, 0.0, 0.0, 0.0, 0.0, 0.0, 0.0, 0.0, 0.0, 0.0, 0.0, 0.0, 3.0, 4.0, 4.0, 0.0, 0.0, 2.0, 3.0, 2.0, 3.0, 0.0, 2.0, 0.0, 0.0, 0.0, 0.0, 0.0, 0.0, 0.0, 0.0, 0.0, 0.0, 0.0, 0.0, 0.0, 0.0, 0.0, 0.0, 0.0, 0.0, 0.0, 0.0, 0.0, 0.0, 0.0, 0.0, 1.0, 0.0, 0.0, 0.0, 0.0, 0.0, 0.0, 0.0, 0.0, 0.0, 0.0, 0.0, 0.0, 0.0, 0.0, 1.0, 2.0, 2.0, 4.0, 0.0, 0.0, 0.0, 1.0, 0.0, 1.0, 0.0, 0.0, 0.0, 0.0, 0.0, 0.0, 0.0, 0.0, 0.0, 0.0, 0.0, 0.0, 0.0, 0.0, 0.0, 0.0, 0.0, 0.0, 0.0, 0.0, 0.0, 0.0, 0.0, 0.0, 0.0, 0.0, 0.0, 0.0, 1.0, 0.0, 0.0, 0.0, 0.0, 0.0, 0.0, 0.0, 0.0, 0.0, 0.0, 3.0, 3.0, 4.0, 5.0, 2.0, 5.0, 5.0, 5.0, 5.0, 2.0, 6.0, 5.0, 3.0, 5.0, 0.0, 0.0, 6.0, 3.0, 5.0, 8.0, 11.0, 6.0, 2.0, 0.0, 0.0, 0.0, 0.0, 3.0, 1.0, 6.0, 5.0, 1.0, 9.0, 0.0, 0.0, 2.0, 5.0, 5.0, 3.0, 11.0, 9.0, 5.0, 9.0, 3.0, 8.0, 5.0, 11.0, 6.0, 3.0, 11.0, 6.0, 11.0, 9.0, 8.0, 2.0, 1.0, 6.0, 5.0, 3.0, 3.0, 5.0, 5.0, 3.0, 3.0, 0.0, 7.0, 3.0, 7.0, 5.0, 2.0, 6.0, 5.0, 5.0, 4.0, 5.0, 7.0, 2.0, 8.0, 6.0, 4.0, 2.0, 0.0, 2.0, 7.0, 5.0, 5.0, 6.0, 7.0, 3.0, 8.0, 2.0, 6.0, 11.0, 4.0, 5.0, 8.0, 3.0, 11.0, 11.0, 7.0, 7.0, 7.0, 0.0, 0.0, 2.0, 3.0, 4.0, 3.0, 0.0, 3.0, 2.0, 11.0, 7.0, 9.0, 9.0, 4.0, 5.0, 9.0, 3.0, 11.0, 5.0, 1.0, 3.0, 1.0, 3.0, 0.0, 0.0, 0.0, 3.0, 2.0, 5.0, 3.0, 2.0, 4.0, 1.0, 0.0, 0.0, 0.0, 0.0, 0.0, 0.0, 0.0, 0.0, 0.0, 0.0, 0.0, 0.0, 2.0, 3.0, 8.0, 7.0, 8.0, 2.0, 5.0, 11.0, 11.0, 7.0, 6.0, 7.0, 6.0, 1.0, 3.0, 2.0, 5.0, 3.0, 0.0, 4.0, 0.0, 0.0, 4.0, 11.0, 3.0, 8.0, 3.0, 8.0, 11.0, 5.0, 5.0, 4.0, 11.0, 6.0, 2.0, 0.0, 0.0, 0.0, 0.0, 0.0, 0.0, 1.0, 2.0, 1.0, 1.0, 3.0, 2.0, 3.0, 4.0, 2.0, 5.0, 2.0, 1.0, 2.0, 7.0, 3.0, 6.0, 4.0, 2.0, 7.0, 2.0, 0.0, 5.0, 3.0, 0.0, 4.0, 1.0, 3.0, 5.0, 3.0, 2.0, 6.0, 5.0, 5.0, 0.0, 0.0, 0.0, 0.0, 0.0, 0.0, 7.0, 4.0, 9.0, 11.0, 5.0, 7.0, 11.0, 8.0, 8.0, 6.0, 2.0, 3.0, 3.0, 11.0, 6.0, 9.0, 5.0, 7.0, 5.0, 5.0, 5.0, 11.0, 7.0, 8.0, 9.0, 11.0, 11.0, 4.0, 3.0, 9.0, 9.0, 11.0, 7.0, 5.0, 5.0, 2.0, 2.0, 11.0, 1.0, 4.0, 6.0, 11.0, 3.0, 4.0, 11.0, 11.0, 7.0, 11.0, 11.0, 5.0, 5.0, 9.0, 11.0, 3.0, 7.0, 11.0, 2.0, 3.0, 7.0, 7.0, 3.0, 4.0, 7.0, 11.0, 2.0, 6.0, 6.0, 2.0, 3.0, 9.0, 5.0, 3.0, 4.0, 7.0, 0.0, 0.0, 3.0, 5.0, 2.0, 3.0, 5.0, 2.0, 2.0, 8.0, 1.0, 1.0, 0.0, 7.0, 0.0, 0.0, 2.0, 7.0, 5.0, 6.0, 7.0, 0.0, 0.0, 0.0, 4.0, 4.0, 2.0, 4.0, 3.0, 0.0, 0.0, 0.0, 0.0, 0.0, 0.0, 0.0, 0.0, 0.0, 0.0, 0.0, 0.0, 0.0, 0.0, 0.0, 0.0, 1.0, 5.0, 3.0, 11.0, 11.0, 6.0, 8.0, 6.0, 11.0, 9.0, 8.0, 9.0, 7.0, 11.0, 9.0, 5.0, 7.0, 7.0, 11.0, 6.0, 11.0, 9.0, 6.0, 6.0, 4.0, 11.0, 4.0, 5.0, 11.0, 0.0, 0.0, 3.0, 6.0, 0.0, 4.0, 4.0, 3.0, 7.0, 9.0, 11.0, 11.0, 7.0, 11.0, 7.0, 11.0, 4.0, 6.0, 4.0, 11.0, 7.0, 5.0, 11.0, 11.0, 11.0, 11.0, 6.0, 6.0, 6.0, 2.0, 3.0, 5.0, 4.0, 8.0, 5.0, 11.0, 11.0, 5.0, 0.0, 1.0, 1.0, 1.0, 2.0, 0.0, 1.0, 0.0, 1.0, 0.0, 2.0, 8.0, 7.0, 10.0, 7.0, 7.0, 0.0, 0.0, 0.0, 0.0, 9.0, 11.0, 6.0, 5.0, 6.0, 8.0, 8.0, 5.0, 9.0, 11.0, 8.0, 11.0, 11.0, 9.0, 10.0, 9.0, 11.0, 7.0, 5.0, 11.0, 11.0, 4.0, 5.0, 11.0, 11.0, 9.0, 5.0, 11.0, 11.0, 8.0, 4.0, 11.0, 11.0, 5.0, 11.0, 9.0, 2.0, 4.0, 8.0, 11.0, 5.0, 8.0, 8.0, 4.0, 4.0, 8.0, 7.0, 3.0, 11.0, 8.0, 3.0, 11.0, 8.0, 11.0, 3.0, 8.0, 9.0, 11.0, 4.0, 5.0, 11.0, 3.0, 6.0, 11.0, 4.0, 5.0, 11.0, 7.0, 3.0, 8.0, 11.0, 5.0, 9.0, 5.0, 11.0, 11.0, 11.0, 11.0, 11.0, 8.0, 6.0, 10.0, 6.0, 9.0, 11.0, 6.0, 4.0, 11.0, 11.0, 9.0, 4.0, 9.0, 4.0, 6.0, 3.0, 8.0, 8.0, 9.0, 11.0, 11.0, 11.0, 11.0, 9.0, 11.0, 11.0, 9.0, 6.0, 6.0, 11.0, 9.0, 8.0, 9.0, 9.0, 7.0, 7.0, 4.0, 11.0, 5.0, 6.0, 5.0, 4.0, 3.0, 7.0, 4.0, 2.0, 6.0, 7.0, 4.0, 7.0, 11.0, 3.0, 6.0, 11.0, 8.0, 9.0, 11.0, 11.0, 11.0, 5.0, 8.0, 11.0, 8.0, 2.0, 11.0, 5.0, 5.0, 11.0, 11.0, 11.0, 5.0, 11.0, 6.0, 11.0, 9.0, 8.0, 11.0, 8.0, 6.0, 6.0, 5.0, 11.0, 11.0, 5.0, 11.0, 7.0, 6.0, 11.0, 8.0, 11.0, 6.0, 5.0, 11.0, 3.0, 11.0, 5.0, 4.0, 4.0, 3.0, 4.0, 4.0, 4.0, 6.0, 6.0, 4.0, 10.0, 10.0, 11.0, 1.0, 4.0, 4.0, 0.0, 0.0, 0.0, 4.0, 9.0, 5.0, 7.0, 7.0, 4.0, 4.0, 11.0, 6.0, 11.0, 9.0, 2.0, 1.0, 2.0, 5.0, 3.0, 0.0, 0.0, 0.0, 0.0, 0.0, 0.0, 0.0, 0.0, 0.0, 7.0, 3.0, 6.0, 11.0, 4.0, 4.0, 6.0, 9.0, 9.0, 2.0, 11.0, 4.0, 4.0, 11.0, 8.0, 3.0, 1.0, 11.0, 5.0, 2.0, 4.0, 5.0, 5.0, 5.0, 0.0, 4.0, 7.0, 3.0, 6.0, 4.0, 2.0, 7.0, 3.0, 2.0, 4.0, 6.0, 4.0, 5.0, 2.0, 3.0, 6.0, 3.0, 3.0, 3.0, 2.0, 3.0, 0.0, 0.0, 11.0, 6.0, 4.0, 11.0, 8.0, 6.0, 5.0, 7.0, 5.0, 11.0, 11.0, 3.0, 8.0, 8.0, 0.0, 2.0, 6.0,
Conservation_NSP2 = 0.0, 0.0, 0.0, 0.0, 0.0, 7.0, 11.0, 11.0, 11.0, 11.0, 11.0, 5.0, 11.0, 6.0, 5.0, 8.0, 0.0, 11.0, 11.0, 10.0, 4.0, 11.0, 8.0, 8.0, 8.0, 11.0, 7.0, 4.0, 7.0, 11.0, 9.0, 6.0, 6.0, 11.0, 11.0, 11.0, 11.0, 10.0, 7.0, 11.0, 0.0, 0.0, 4.0, 5.0, 4.0, 10.0, 11.0, 8.0, 10.0, 6.0, 5.0, 7.0, 11.0, 6.0, 11.0, 9.0, 8.0, 11.0, 9.0, 6.0, 7.0, 5.0, 11.0, 4.0, 6.0, 5.0, 4.0, 2.0, 9.0, 11.0, 5.0, 9.0, 11.0, 9.0, 11.0, 11.0, 11.0, 6.0, 7.0, 4.0, 3.0, 6.0, 9.0, 3.0, 4.0, 11.0, 5.0, 2.0, 6.0, 11.0, 7.0, 5.0, 7.0, 9.0, 4.0, 7.0, 2.0, 4.0, 11.0, 11.0, 1.0, 11.0, 9.0, 11.0, 11.0, 4.0, 11.0, 3.0, 9.0, 9.0, 5.0, 2.0, 6.0, 4.0, 11.0, 11.0, 9.0, 6.0, 11.0, 6.0, 5.0, 11.0, 8.0, 7.0, 9.0, 11.0, 11.0, 7.0, 11.0, 11.0, 9.0, 11.0, 8.0, 8.0, 11.0, 11.0, 11.0, 11.0, 6.0, 7.0, 7.0, 2.0, 4.0, 7.0, 11.0, 6.0, 4.0, 11.0, 11.0, 5.0, 3.0, 6.0, 7.0, 4.0, 11.0, 3.0, 3.0, 5.0, 11.0, 11.0, 5.0, 6.0, 11.0, 4.0, 11.0, 9.0, 11.0, 5.0, 11.0, 11.0, 11.0, 11.0, 7.0, 9.0, 10.0, 4.0, 9.0, 11.0, 4.0, 5.0, 11.0, 11.0, 5.0, 4.0, 7.0, 7.0, 5.0, 7.0, 8.0, 9.0, 5.0, 8.0, 7.0, 3.0, 9.0, 9.0, 11.0, 3.0, 9.0, 4.0, 5.0, 2.0, 11.0, 10.0, 9.0, 11.0, 9.0, 11.0, 11.0, 11.0, 11.0, 11.0, 11.0, 11.0, 11.0, 7.0, 11.0, 5.0, 11.0, 7.0, 11.0, 11.0, 11.0, 11.0, 9.0, 9.0, 3.0, 7.0, 3.0, 7.0, 9.0, 5.0, 11.0, 9.0, 7.0, 9.0, 7.0, 11.0, 8.0, 11.0, 11.0, 11.0, 7.0, 7.0, 11.0, 11.0, 8.0, 7.0, 8.0, 9.0, 9.0, 4.0, 7.0, 11.0, 4.0, 7.0, 11.0, 5.0, 7.0, 4.0, 8.0, 0.0, 0.0, 0.0, 0.0, 3.0, 4.0, 5.0, 4.0, 3.0, 9.0, 5.0, 10.0, 7.0, 5.0, 11.0, 11.0, 9.0, 11.0, 7.0, 4.0, 9.0, 6.0, 3.0, 11.0, 7.0, 6.0, 9.0, 11.0, 11.0, 11.0, 3.0, 11.0, 5.0, 8.0, 4.0, 11.0, 11.0, 7.0, 11.0, 9.0, 5.0, 4.0, 11.0, 2.0, 8.0, 11.0, 11.0, 11.0, 9.0, 10.0, 11.0, 11.0, 11.0, 11.0, 11.0, 11.0, 9.0, 11.0, 9.0, 8.0, 8.0, 8.0, 8.0, 11.0, 3.0, 11.0, 7.0, 11.0, 11.0, 11.0, 10.0, 11.0, 7.0, 7.0, 9.0, 9.0, 11.0, 11.0, 11.0, 11.0, 11.0, 11.0, 9.0, 9.0, 11.0, 6.0, 11.0, 11.0, 11.0, 9.0, 9.0, 11.0, 11.0, 11.0, 9.0, 11.0, 6.0, 11.0, 7.0, 11.0, 7.0, 3.0, 6.0, 11.0, 4.0, 3.0, 11.0, 11.0, 8.0, 8.0, 9.0, 9.0, 11.0, 9.0, 8.0, 11.0, 11.0, 11.0, 11.0, 11.0, 11.0, 9.0, 11.0, 7.0, 11.0, 8.0, 8.0, 8.0, 7.0, 8.0, 5.0, 11.0, 6.0, 11.0, 11.0, 5.0, 11.0, 9.0, 11.0, 11.0, 11.0, 8.0, 9.0, 8.0, 8.0, 7.0, 9.0, 4.0, 11.0, 11.0, 11.0, 11.0, 9.0, 11.0, 11.0, 9.0, 11.0, 11.0, 6.0, 11.0, 11.0, 11.0, 7.0, 11.0, 7.0, 5.0, 5.0, 5.0, 11.0, 8.0, 8.0, 11.0, 11.0, 11.0, 11.0, 8.0, 9.0, 5.0, 8.0, 9.0, 11.0, 11.0, 11.0, 9.0, 8.0, 11.0, 11.0, 11.0, 5.0, 11.0, 11.0, 11.0, 8.0, 11.0, 11.0, 7.0, 11.0, 11.0, 4.0, 11.0, 11.0, 11.0, 11.0, 11.0, 11.0, 9.0, 11.0, 11.0, 9.0, 11.0, 9.0, 11.0, 11.0, 6.0, 8.0, 11.0, 11.0, 11.0, 5.0, 9.0, 11.0, 11.0, 9.0, 8.0, 11.0, 9.0, 11.0, 11.0, 11.0, 10.0, 7.0, 11.0, 8.0, 8.0, 11.0, 9.0, 11.0, 7.0, 9.0, 7.0, 11.0, 11.0, 11.0, 11.0, 11.0, 7.0, 11.0, 11.0, 11.0, 11.0, 9.0, 11.0, 11.0, 11.0, 11.0, 9.0, 11.0, 11.0, 9.0, 8.0, 9.0, 11.0, 9.0, 4.0, 9.0, 11.0, 8.0, 4.0, 10.0, 9.0, 11.0, 6.0, 11.0, 11.0, 11.0, 11.0, 11.0, 9.0, 11.0, 11.0, 9.0, 11.0, 11.0, 11.0, 11.0, 11.0, 11.0, 11.0, 11.0, 11.0, 11.0, 11.0, 11.0, 11.0, 11.0, 11.0, 11.0, 11.0, 11.0, 11.0, 11.0, 11.0, 11.0, 11.0, 7.0, 11.0, 11.0, 11.0, 11.0, 7.0, 11.0, 8.0, 9.0, 11.0, 11.0, 11.0, 8.0, 11.0, 11.0, 11.0, 9.0, 11.0, 11.0, 8.0, 11.0, 7.0, 6.0, 6.0, 9.0, 11.0, 11.0, 11.0, 11.0, 8.0, 11.0, 11.0, 11.0, 11.0, 11.0, 11.0, 4.0, 3.0, 11.0, 11.0, 9.0, 5.0, 9.0, 6.0, 3.0, 5.0, 11.0, 9.0, 8.0, 7.0, 2.0, 11.0, 11.0, 11.0, 11.0, 11.0, 11.0, 11.0, 11.0, 11.0, 11.0, 11.0, 11.0, 11.0, 11.0, 11.0, 9.0, 8.0, 11.0, 11.0, 7.0, 8.0, 11.0, 11.0, 9.0, 11.0, 11.0, 11.0, 11.0, 11.0, 4.0, 5.0, 11.0, 11.0, 8.0, 2.0, 4.0, 5.0, 11.0, 9.0, 11.0, 4.0, 11.0, 11.0, 11.0, 11.0, 11.0, 11.0, 11.0, 11.0, 11.0, 8.0, 11.0, 7.0, 11.0, 9.0, 11.0, 11.0, 11.0, 7.0, 7.0, 11.0, 11.0, 11.0, 11.0, 11.0, 11.0, 11.0, 11.0, 11.0, 11.0, 11.0, 8.0, 11.0, 11.0, 11.0, 9.0, 11.0, 11.0, 11.0, 11.0, 11.0, 11.0, 11.0, 8.0, 11.0, 11.0, 8.0, 8.0, 8.0, 11.0, 9.0, 7.0, 7.0, 8.0, 9.0, 8.0, 6.0, 8.0, 11.0, 5.0, 7.0, 11.0, 2.0, 7.0, 3.0, 4.0, 9.0, 7.0, 4.0, 9.0, 11.0, 5.0, 6.0, 11.0, 11.0, 3.0, 3.0, 9.0, 11.0, 11.0, 4.0, 2.0, 1.0, 7.0, 11.0, 2.0, 3.0, 8.0, 11.0, 3.0, 6.0, 9.0, 11.0, 4.0, 9.0, 11.0, 5.0, 9.0, 11.0, 11.0, 11.0, 11.0, 9.0, 11.0, 11.0, 11.0, 11.0, 11.0, 10.0, 11.0, 11.0, 11.0, 9.0, 11.0, 4.0, 6.0, 9.0, 8.0, 6.0, 7.0, 11.0, 7.0, 9.0, 11.0, 5.0, 11.0, 5.0, 4.0, 11.0, 7.0, 4.0, 7.0, 11.0, 11.0, 9.0, 11.0, 11.0, 11.0, 11.0, 11.0, 9.0, 11.0, 11.0, 8.0, 11.0, 11.0, 11.0, 8.0, 11.0, 3.0, 8.0, 10.0, 5.0, 5.0, 11.0, 11.0, 11.0, 11.0, 11.0, 11.0, 11.0, 11.0, 11.0, 11.0, 9.0, 7.0, 9.0, 6.0, 2.0, 3.0, 4.0, 9.0, 2.0, 6.0, 9.0, 11.0, 11.0, 11.0, 11.0, 8.0, 11.0, 11.0, 11.0, 11.0, 11.0, 8.0, 11.0, 9.0, 11.0, 11.0, 11.0, 11.0, 11.0, 9.0, 9.0, 11.0, 11.0, 11.0, 8.0, 8.0, 9.0, 9.0, 8.0, 11.0, 11.0, 9.0, 11.0, 8.0, 11.0, 11.0, 11.0, 11.0, 11.0, 11.0, 11.0, 11.0, 8.0, 7.0, 11.0, 5.0, 8.0, 3.0, 11.0, 11.0, 4.0, 5.0, 11.0, 11.0, 6.0, 8.0, 7.0, 11.0, 4.0, 11.0, 11.0, 7.0, 11.0, 11.0, 8.0, 5.0, 9.0, 11.0, 8.0, 7.0, 6.0, 9.0, 11.0, 11.0, 6.0, 7.0, 11.0, 11.0, 9.0, 10.0, 7.0, 7.0, 6.0, 7.0, 7.0, 5.0, 9.0, 9.0, 8.0, 9.0, 3.0, 4.0, 11.0, 11.0, 7.0, 5.0, 9.0, 11.0, 5.0, 2.0, 2.0, 7.0, 8.0, 9.0, 11.0, 


########################################################################################
######## HERE YOU MUST CHANGE THE NAMES FROM 'Prot1' TO 'yourprotein1' ETC.#############
######################################################################################## 
Prot1 = 'NSP1'     # Change to the name of yourprotein1
Prot2 = 'NSP2'     # Change to the name of yourprotein2

########################################################################################
################## HERE YOU CAN SPECIFY WHICH COLORS TO USE ############################
########################################################################################

colors = ['#32CD32', '#FEE11A'] # You can replace the HEX CODES as you wish. Google color and HEX CODE to find your colors.

########################################################################################
########################### *** NOTHING MORE TO CHANGE *** #############################
################################ *** RUN THE SCRIPT *** ################################
########################################################################################


data1 = eval('Conservation_'+Prot1)    
data2 = eval('Conservation_'+Prot2)

test_name="mann_wu"                            

# hypothesis test & results
stat, p = mannwhitneyu(data1, data2)
print('\nHypothesis testing with Mann-Whitney for '+Prot1+' & '+Prot2+':')                         
print('pvalue=%.3f' % (p))


data=[data1, data2]
fig1, ax1 = plt.subplots(figsize=(8, 8)) #You can change the size of the figure
max_height =max(max(data1),max(data2)) # max height of data needed for plotting location siginifcance bars
ax1.boxplot(data)

medianprops = dict(linestyle='-', linewidth=2.0, color='grey') #You can change how your median looks
meanpointprops = dict(marker='.', markersize=16, markeredgecolor='black', markerfacecolor='black') #You can change how the mean marker looks
box = plt.boxplot(data, widths = 0.6, patch_artist=True, medianprops=medianprops, meanprops=meanpointprops, meanline=False, showmeans=True)
          
for patch, color in zip(box['boxes'], colors):
    patch.set_facecolor(color)  
ax1.set_title('Amino acid conservation per protein', fontsize = 24, weight='bold')    
plt.xticks([1, 2], [Prot1, Prot2], fontsize = 30) #Change text as needed for the data you are showing
plt.yticks(fontsize = 24) #Change the tickmarks and axis to fix the data

plt.savefig('{}_{}_boxplot_conservation.png'.format(Prot1,Prot2), dpi=600)
